1
0
0
0
1
0
1
0
0
0
0
1
0
0
1
1
1
0
1
1
2
1
0
0
1
1
2
1
2
0
1
1
0
1
1
0
2
0
0
1
1
2
0
4
0
2
3
3
1
2
1
0
0
1
3
1
2
0
2
1
0
1
0
0
1
0
0
0
0
1
1
1
1
1
0
0
1
1
2
2
0
1
1
1
0
0
2
0
1
1
1
0
0
0
1
1
0
1
1
3
1
1
3
1
1
1
2
2
1
1
1
1
2
2
1
2
1
2
2
1
1
1
1
1
1
0
1
0
0
1
0
1
1
1
3
0
0
0
0
0
0
0
0
3
0
0
1
0
0
0
2
0
1
3
2
0
1
0
0
1
0
1
0
0
1
1
2
0
1
0
0
1
0
0
0
1
0
0
0
3
0
2
0
3
1
0
1
1
1
0
1
0
0
0
1
3
4
4
5
6
7
9
10
10
11
12
13
14
15
16
17
17
19
20
21
20
22
25
25
24
22
25
22
19
18
18
19
17
16
14
14
12
13
12
10
8
11
7
7
3
3
6
4
1
1
0
1
0
1
0
1
0
1
0
1
0
0
1
1
0
0
1
1
0
0
0
0
1
1
1
1
0
0
1
0
0
1
2
1
1
0
1
0
1
1
0
0
1
1
0
1
1
1
6
10
14
16
19
27
28
25
40
34
46
52
68
60
73
73
78
93
98
112
108
129
133
148
140
143
137
138
147
140
153
150
136
143
155
142
141
128
131
129
109
107
113
95
86
61
78
54
62
52
56
40
29
27
34
28
19
17
10
14
6
7
1
0
2
3
0
3
1
0
3
0
0
1
0
1
0
0
1
0
0
0
1
0
0
2
0
0
0
0
0
0
0
0
1
1
2
6
2
5
4
8
6
11
13
13
18
26
38
31
35
46
44
66
68
75
100
112
129
135
123
146
156
200
189
190
199
210
207
221
242
279
254
278
247
271
265
287
279
284
233
259
258
269
241
231
227
210
187
194
161
182
167
168
144
125
98
100
88
83
76
68
52
49
50
49
40
29
31
29
34
13
3
9
4
2
3
2
0
1
3
1
1
2
1
1
1
1
1
0
0
0
1
0
1
4
1
3
0
1
5
3
8
5
7
10
13
15
17
13
26
27
39
34
41
49
62
81
91
71
116
115
139
114
170
185
177
214
234
221
254
270
317
291
317
314
327
338
326
361
393
339
369
373
411
359
386
366
400
372
348
351
359
329
323
297
281
279
279
249
234
240
214
206
185
174
153
136
150
128
117
94
96
80
58
68
69
54
40
40
37
25
22
19
16
16
6
5
3
3
6
6
0
5
2
0
2
0
2
5
0
6
6
5
4
9
3
12
10
20
13
19
13
24
31
32
34
40
55
57
67
83
108
108
131
157
153
158
168
187
194
209
241
241
288
307
344
345
354
397
371
386
415
431
445
430
460
489
497
509
466
478
506
511
519
444
488
457
482
445
420
428
453
394
426
362
378
332
320
301
297
260
256
238
237
215
187
176
155
141
120
115
92
91
104
64
65
56
41
37
45
29
25
29
16
8
13
10
11
7
8
5
3
4
6
4
4
8
1
10
2
6
11
16
20
17
20
23
30
32
36
52
38
62
70
93
88
80
108
109
122
132
158
158
211
176
221
254
284
311
313
338
327
360
356
391
406
407
460
456
463
477
510
527
554
515
517
545
586
598
521
578
589
547
539
532
471
475
488
488
480
454
443
398
426
366
324
386
342
307
265
268
266
219
235
194
166
145
162
168
124
101
91
109
74
63
80
47
44
43
52
25
31
20
28
15
7
10
7
8
7
14
7
6
13
11
11
13
15
8
17
24
27
26
28
37
40
41
57
64
68
75
92
90
109
114
119
136
165
160
217
190
217
228
237
286
295
299
318
330
372
348
395
419
422
446
456
489
447
449
499
519
461
557
489
548
534
510
527
503
545
537
508
498
527
498
475
504
440
426
392
413
389
358
356
347
329
295
300
295
279
250
224
214
197
197
179
150
138
155
101
85
90
92
75
64
50
73
51
50
35
38
20
29
21
16
11
12
13
20
16
13
12
13
16
18
23
25
21
22
23
35
42
38
62
50
56
68
73
97
101
100
102
108
121
137
164
165
189
184
234
245
227
240
276
257
308
292
323
321
334
356
378
416
396
408
457
404
441
442
428
474
433
462
465
482
458
474
474
460
526
476
456
439
443
430
425
378
413
386
313
377
375
318
292
267
263
269
230
236
213
224
186
185
176
152
144
128
125
98
92
92
66
67
67
51
48
51
36
36
36
29
19
32
24
28
18
13
18
17
15
13
16
21
13
29
23
27
41
37
54
38
55
62
48
74
77
85
78
101
96
119
130
147
158
170
165
170
210
200
211
237
241
242
261
275
288
281
323
310
305
347
316
356
363
387
385
361
379
428
399
419
390
407
393
365
392
389
409
407
374
401
361
339
337
398
364
336
355
338
292
286
268
259
209
208
223
219
182
188
141
179
157
128
141
110
98
102
84
94
82
65
54
61
58
60
41
33
32
31
29
29
20
27
24
22
21
24
25
19
24
23
23
27
30
35
31
42
45
47
46
64
46
85
78
67
79
94
86
96
113
123
128
137
134
149
165
155
175
157
189
184
212
243
230
251
220
241
275
307
271
285
280
305
309
295
293
301
311
288
317
308
314
320
312
327
322
294
275
292
283
275
272
300
282
248
263
242
201
226
214
232
191
186
159
190
129
155
146
142
147
130
111
108
87
96
89
84
77
63
48
40
53
37
35
42
31
29
30
20
17
26
16
24
16
26
27
19
17
27
36
18
34
33
23
34
46
48
37
56
53
44
68
57
68
77
62
89
95
84
101
97
111
119
128
148
170
126
157
176
164
183
185
177
167
180
171
246
207
193
228
223
203
225
209
230
253
235
268
241
233
216
229
214
241
255
227
231
226
208
207
207
194
207
180
187
176
161
160
163
147
156
148
126
137
103
117
129
96
114
78
94
88
77
92
48
54
44
57
38
53
38
34
32
31
20
28
36
26
14
26
22
17
14
14
19
13
17
15
23
21
30
30
39
30
49
32
43
51
33
44
50
44
52
55
71
75
73
84
85
75
89
109
110
119
120
99
113
127
145
126
124
128
140
129
153
145
152
143
150
166
164
190
167
158
196
183
171
183
181
173
176
182
160
191
176
167
160
173
162
148
148
142
125
137
138
137
124
108
110
109
92
95
100
93
74
92
76
58
56
54
47
55
38
48
51
42
45
31
28
29
19
19
24
18
20
17
17
9
19
9
18
15
20
12
23
18
15
23
22
27
26
21
25
31
37
27
39
34
31
44
49
38
48
54
41
66
70
55
60
77
74
81
68
79
102
97
96
112
98
100
90
104
94
102
105
116
117
133
110
126
138
127
115
110
119
120
110
127
115
111
112
105
111
106
101
112
115
120
111
101
105
121
85
96
93
78
80
79
74
71
67
74
70
58
50
51
45
65
54
46
36
35
29
37
26
21
23
25
24
25
16
17
23
14
16
14
15
18
19
18
18
18
10
15
18
18
10
30
23
24
22
20
22
27
26
17
32
37
32
34
28
36
55
39
51
45
48
55
55
48
57
58
57
60
46
77
62
77
76
57
67
84
85
61
81
98
92
83
79
80
75
92
81
94
88
79
87
92
72
62
84
76
86
76
73
78
69
55
69
66
61
59
55
51
58
54
49
47
39
42
53
55
39
36
25
36
25
27
29
44
22
17
30
22
21
22
12
18
15
11
12
9
13
13
15
10
9
11
8
7
5
13
10
8
12
14
14
20
12
25
17
16
19
27
18
20
20
29
28
37
40
29
36
27
27
40
26
33
30
35
39
48
60
58
44
50
58
62
46
35
50
56
58
46
48
57
58
55
49
67
54
65
53
61
48
69
57
52
58
53
59
64
53
59
42
45
49
50
55
43
35
41
31
33
30
39
29
26
26
26
32
24
26
20
23
18
15
30
20
16
15
14
13
11
12
13
14
10
12
12
6
12
14
11
12
13
11
6
6
9
7
11
9
9
11
18
13
10
15
18
16
15
34
18
16
20
23
23
22
18
24
22
27
29
26
22
26
29
26
27
26
31
32
31
36
26
36
42
45
34
36
31
32
39
34
44
34
28
53
35
48
37
49
46
32
40
31
31
37
50
33
31
40
37
27
32
30
31
33
32
21
26
20
29
25
18
22
35
18
16
15
15
16
16
17
21
10
13
9
14
10
13
8
9
9
11
6
13
8
10
7
6
9
9
6
3
13
4
3
4
9
11
12
6
14
9
9
9
10
11
13
16
15
12
12
16
13
21
19
9
14
12
13
20
17
20
19
28
20
23
23
22
26
29
26
26
24
25
18
25
21
31
31
16
27
28
27
24
25
28
21
31
29
19
21
21
28
24
23
18
38
19
17
18
18
15
16
12
19
16
16
24
27
17
9
17
12
22
18
10
13
14
7
12
13
9
4
9
7
8
2
6
7
7
4
4
7
5
7
3
6
9
6
3
6
6
4
3
11
2
3
8
11
9
8
8
8
10
6
14
5
12
10
6
8
2
14
6
12
12
5
17
12
17
15
17
15
9
14
17
17
15
12
20
21
17
11
13
16
19
13
17
13
12
18
27
25
18
18
14
12
15
23
11
22
11
10
16
19
23
11
11
15
20
20
12
10
10
11
10
12
10
7
11
18
4
10
8
11
9
12
11
3
5
7
7
4
5
5
4
8
8
5
5
3
3
6
5
7
5
4
4
0
4
4
5
4
5
1
3
4
4
7
6
9
7
6
9
5
4
7
6
6
12
10
12
6
7
5
11
3
9
15
10
8
14
15
9
13
10
11
14
12
9
10
17
10
12
14
9
7
8
12
8
17
14
11
11
7
13
11
8
11
10
6
16
15
13
11
7
12
14
10
5
9
10
8
6
8
7
8
6
8
7
7
4
3
4
4
2
7
1
1
8
5
1
7
2
4
4
6
3
1
5
6
4
1
4
4
1
2
2
9
4
3
2
3
4
1
4
1
1
4
2
4
2
3
4
4
5
10
4
5
5
3
3
4
8
2
9
9
5
5
8
9
7
5
11
6
11
7
6
14
8
8
7
7
6
3
8
13
9
6
5
3
10
5
8
4
8
11
12
10
6
13
8
6
8
6
4
5
4
2
4
9
6
2
3
3
5
4
6
5
3
3
0
4
0
3
1
5
6
1
1
0
3
3
2
1
3
3
2
5
1
2
2
0
2
2
5
1
2
2
2
1
1
1
2
3
1
5
3
2
3
1
5
3
5
5
1
5
5
4
2
0
4
5
6
4
1
7
6
5
4
6
5
4
4
4
7
3
3
3
7
8
2
5
3
9
3
4
8
1
5
7
4
4
3
4
2
8
3
5
5
5
5
2
4
3
2
4
1
2
4
3
2
6
5
4
3
1
1
1
1
1
2
1
5
0
4
3
2
1
0
2
3
2
2
2
0
1
5
1
1
0
2
6
1
1
1
2
0
1
1
3
1
0
4
5
0
0
3
0
3
0
2
1
3
1
3
1
0
1
1
2
2
1
4
4
3
6
4
1
3
4
5
1
2
2
1
2
2
4
3
4
2
4
2
4
6
1
3
2
3
3
3
2
1
6
2
2
1
3
6
5
5
7
1
2
2
2
0
2
4
5
2
2
2
0
2
0
1
2
0
0
0
2
2
0
1
1
3
2
1
1
1
2
1
0
2
0
0
0
0
1
0
0
0
0
2
2
1
0
1
3
1
0
0
2
1
0
1
4
3
2
1
0
0
0
2
1
3
1
1
0
0
2
1
4
1
2
1
4
3
1
2
4
0
1
6
2
0
4
1
0
4
2
3
0
5
3
2
0
3
4
1
3
3
6
2
1
6
0
2
1
4
1
0
2
2
2
0
0
0
1
0
1
1
1
2
0
2
1
2
1
0
2
1
0
1
0
1
0
0
0
2
0
0
0
0
0
3
0
2
1
2
0
4
0
1
0
2
1
0
0
0
2
2
1
2
2
2
1
1
0
0
0
1
1
1
0
0
2
4
1
2
0
0
2
2
1
2
1
2
1
2
1
2
0
1
0
1
1
2
0
1
2
1
4
1
2
2
0
1
2
3
1
0
0
1
0
1
1
1
0
1
1
5
1
1
1
1
2
1
3
2
0
0
0
3
0
0
0
1
1
0
2
2
0
1
0
2
0
0
0
0
2
2
0
2
1
0
2
1
1
1
2
0
0
0
0
0
0
