59
75
70
76
77
71
86
85
95
77
68
73
69
70
65
79
73
98
71
80
73
77
79
61
77
65
74
63
76
89
81
72
73
84
77
89
80
66
58
64
89
68
75
81
77
61
87
69
78
79
82
67
74
88
75
71
74
65
82
82
73
61
73
74
78
79
75
78
87
84
83
80
83
83
75
73
80
69
58
75
70
86
83
89
66
77
90
70
73
69
69
76
70
62
84
71
73
73
79
68
81
65
76
77
88
81
68
72
91
89
88
75
91
77
77
85
64
67
78
83
63
81
78
76
71
86
76
51
67
78
69
80
63
83
78
66
82
83
85
80
67
80
85
74
81
77
78
76
61
75
75
81
75
78
81
64
67
61
71
68
73
61
79
81
71
77
74
67
61
68
89
73
85
66
74
78
74
63
72
74
74
64
68
85
86
63
75
74
75
57
79
93
63
86
61
78
85
72
77
70
69
70
72
86
82
73
69
73
89
79
71
81
70
63
72
81
84
80
70
77
82
71
81
83
78
82
72
83
98
80
93
72
71
70
66
87
87
88
61
69
83
79
90
76
69
92
82
72
76
61
92
75
73
78
71
77
87
70
78
72
79
67
83
71
70
87
69
84
66
71
77
82
70
83
70
67
92
72
81
83
85
76
55
70
78
73
76
75
79
78
74
62
81
92
82
65
72
79
70
61
70
75
80
90
73
77
89
72
84
71
63
80
78
93
71
85
70
80
79
86
86
78
63
89
83
76
74
59
68
74
65
80
82
79
79
68
82
87
66
78
88
77
66
75
78
65
79
60
75
62
91
79
78
81
86
70
72
78
85
69
76
78
82
64
70
65
78
71
89
82
98
81
88
80
80
65
73
90
74
64
72
94
82
82
72
68
72
65
48
85
68
90
74
83
83
88
83
67
70
77
81
93
80
80
73
72
76
79
71
76
69
88
89
88
80
75
78
75
80
94
79
65
75
72
88
88
56
79
71
78
81
77
70
80
70
69
81
73
73
85
58
89
71
66
71
84
84
73
85
79
70
78
77
69
94
64
74
74
77
68
73
69
80
82
85
76
84
72
74
63
77
73
75
71
79
75
86
79
61
52
85
77
72
60
66
62
75
65
65
62
76
87
77
74
67
81
78
73
59
81
68
84
72
68
77
87
82
90
71
77
78
69
67
59
64
76
75
69
66
72
57
66
75
79
64
73
75
62
88
65
67
84
80
82
71
73
84
82
61
64
83
86
88
58
82
67
64
87
68
87
83
68
70
74
82
72
86
67
82
77
86
80
73
62
65
73
83
86
73
81
76
77
70
77
79
94
81
65
82
79
82
72
70
71
90
78
62
78
74
66
88
81
80
82
77
73
76
68
89
82
81
75
84
89
72
96
65
73
69
71
70
77
72
89
84
82
77
70
80
75
62
73
68
70
84
75
63
62
55
73
91
71
79
81
86
87
52
75
71
83
74
71
82
85
78
91
81
74
68
56
81
69
84
76
81
65
70
77
75
83
79
85
72
85
94
75
71
79
66
61
67
85
86
68
86
91
71
85
84
67
69
84
71
97
71
80
79
84
63
86
65
94
88
66
71
72
75
73
76
83
74
86
75
69
74
73
73
80
70
79
83
75
72
77
61
76
72
77
75
66
95
92
71
76
103
72
76
65
72
88
63
73
70
80
75
68
82
59
64
78
77
75
85
68
86
84
81
78
78
81
85
72
80
82
69
61
75
58
70
82
60
67
76
82
62
70
71
83
58
64
72
77
68
80
77
70
73
70
65
65
67
67
96
75
80
68
95
79
66
74
72
65
91
84
62
69
54
80
74
82
75
74
72
74
74
77
68
80
71
54
87
97
88
72
63
61
78
79
64
65
68
71
81
74
81
75
84
79
73
72
80
69
86
79
65
74
81
79
76
97
84
78
91
74
68
63
66
79
84
76
62
71
66
71
75
77
69
78
69
58
78
84
87
70
63
73
78
64
66
77
71
86
69
81
77
63
64
79
67
81
81
75
82
58
66
68
66
75
76
77
81
69
65
78
77
72
88
72
75
82
74
62
82
71
80
88
63
69
99
92
71
69
65
69
63
76
65
83
74
80
77
68
81
63
75
72
87
77
67
83
72
72
69
75
76
103
86
69
79
71
69
85
75
67
82
67
81
70
65
77
83
75
84
75
70
79
67
71
60
73
85
74
71
82
73
81
78
67
77
73
61
68
73
82
64
86
61
61
58
80
74
74
72
71
83
74
90
75
82
75
58
76
86
83
75
52
71
69
80
76
86
76
78
83
70
78
78
90
65
79
85
83
76
67
90
62
65
76
87
78
75
77
80
74
62
73
75
77
76
80
76
80
76
80
66
79
79
70
82
82
69
90
77
65
66
73
69
81
84
63
70
84
77
86
59
66
62
77
76
85
66
61
87
82
60
79
93
75
75
70
66
83
66
59
63
77
70
77
61
68
85
80
74
68
60
70
90
79
68
66
67
58
83
78
75
83
76
67
74
72
85
81
81
64
79
78
74
81
91
80
61
92
67
80
69
80
68
70
80
72
84
86
73
80
72
84
74
95
78
84
81
70
64
76
78
55
72
70
78
88
59
93
76
70
78
63
72
77
92
82
91
68
82
64
77
67
71
80
73
70
78
81
82
85
76
85
96
89
72
74
78
85
79
83
59
76
80
75
77
84
64
66
82
80
78
72
81
67
72
68
71
75
74
74
77
84
81
68
77
83
67
63
68
75
81
79
69
85
67
78
85
72
68
92
95
71
77
65
70
74
67
79
75
74
87
83
57
66
89
84
84
70
75
70
60
81
79
76
91
81
74
55
80
72
66
79
87
70
90
83
73
76
81
68
76
84
76
83
86
67
69
65
87
82
62
74
71
87
88
55
75
72
74
74
78
83
70
80
72
56
74
72
65
68
83
77
79
68
86
75
74
66
58
71
84
72
91
65
76
71
61
68
58
73
78
62
72
80
88
72
76
91
62
87
87
90
75
80
72
83
90
92
80
82
72
87
69
75
70
69
84
74
70
80
87
78
59
80
78
71
70
82
74
66
80
66
84
71
73
67
80
64
82
65
77
71
66
81
69
84
73
66
62
80
72
82
65
57
89
73
53
85
76
83
71
61
71
79
80
83
70
71
67
70
73
60
66
56
81
87
80
80
87
71
73
72
72
77
85
65
70
68
69
81
68
72
91
85
76
68
69
82
87
71
77
68
81
66
96
86
75
81
73
87
89
82
72
72
84
70
76
62
72
63
73
91
70
74
65
75
84
72
76
71
79
72
81
80
85
78
72
82
77
82
72
69
77
78
68
80
88
74
71
66
75
77
65
82
68
66
58
79
70
63
91
71
86
82
79
72
72
81
81
80
74
81
85
67
54
79
83
85
87
72
82
68
68
58
59
63
74
61
83
73
76
84
75
73
83
79
68
90
91
55
76
82
66
77
84
76
60
80
84
68
70
69
74
72
64
85
61
85
83
73
63
90
69
75
67
82
72
69
75
71
67
68
82
92
71
76
65
73
76
89
78
79
63
67
73
84
88
77
69
64
95
90
64
86
68
72
69
74
75
65
75
77
80
73
64
79
72
84
87
83
73
86
74
64
77
79
68
80
78
71
78
69
62
76
69
68
85
69
77
84
69
89
84
66
107
69
78
76
74
82
69
67
74
91
74
76
75
69
66
81
75
73
68
52
74
83
65
72
77
62
66
80
68
77
80
62
64
70
82
78
78
86
66
69
82
86
70
88
75
77
73
78
71
71
75
63
89
75
79
66
67
63
75
81
79
79
70
80
70
73
76
78
66
61
72
71
69
89
86
77
76
71
79
63
78
91
67
82
82
94
86
73
77
74
86
95
76
79
58
80
78
68
92
83
70
73
62
69
74
77
69
92
69
79
87
70
71
89
74
75
79
71
77
75
68
58
80
106
74
92
74
76
84
81
67
65
86
76
82
79
70
83
90
78
83
79
84
62
72
82
63
59
87
84
67
64
79
74
63
75
78
83
74
79
68
86
72
72
69
86
86
78
75
79
80
79
77
67
66
81
69
78
77
64
76
65
79
80
63
69
65
75
82
73
67
85
96
72
76
90
77
77
93
79
74
73
75
73
94
70
77
67
89
68
63
72
82
67
61
77
67
63
86
73
75
90
93
74
82
73
77
70
80
62
74
76
73
100
65
76
90
78
73
60
69
69
82
69
68
69
70
85
85
84
71
89
67
68
76
69
82
74
75
92
78
84
73
79
71
79
80
77
64
74
75
59
71
72
79
72
70
74
93
66
90
68
89
81
62
87
77
81
75
74
75
65
76
58
75
77
69
97
94
60
81
62
81
77
70
72
81
84
76
67
60
79
67
67
75
80
68
72
88
72
74
66
73
71
79
79
80
70
65
64
64
72
67
73
76
64
72
56
69
77
69
81
62
80
67
90
72
75
58
58
84
96
67
80
99
85
82
77
72
58
74
81
56
88
70
88
83
78
88
81
84
67
82
75
75
73
78
77
79
60
62
78
75
84
81
74
83
73
70
77
63
66
81
81
65
73
68
76
71
91
78
68
60
71
72
64
83
85
72
72
86
66
83
58
68
73
86
71
81
70
72
63
68
73
73
84
76
81
72
71
77
67
74
70
77
77
70
76
83
66
72
72
86
83
73
77
79
77
77
74
59
87
73
80
69
91
79
83
76
66
79
75
78
84
59
69
88
69
81
65
101
73
79
87
76
76
76
79
72
82
68
72
62
75
65
82
81
80
87
73
74
72
73
71
80
66
72
85
71
71
75
85
77
74
81
69
82
69
93
62
72
65
68
53
59
82
81
93
75
69
84
68
86
71
80
68
80
76
73
72
77
66
73
65
91
73
81
86
89
60
91
77
71
77
60
54
59
69
73
85
79
73
70
83
65
70
63
75
79
86
57
66
70
76
78
74
67
66
51
73
73
63
83
76
73
74
69
80
76
73
73
83
74
77
74
77
86
67
58
73
81
76
65
64
71
82
73
64
73
82
73
70
69
81
77
92
69
78
75
72
70
79
72
70
72
85
76
87
71
76
88
99
73
79
81
56
74
75
69
63
69
77
67
62
68
78
74
76
65
69
64
88
78
78
64
55
76
67
80
72
77
73
77
82
70
74
72
78
78
88
83
59
79
70
74
81
85
74
67
68
74
75
72
79
70
64
56
83
82
75
69
84
57
75
76
79
64
81
62
82
87
77
63
80
72
68
88
66
83
75
85
81
71
72
69
80
64
82
73
77
70
74
77
74
71
76
75
73
77
69
74
87
79
69
89
64
75
88
78
71
88
60
68
83
79
76
58
80
83
66
70
71
74
71
57
68
83
78
69
84
67
79
58
71
71
87
62
68
73
66
84
85
71
80
76
74
76
73
62
73
76
74
67
99
85
92
70
74
78
74
68
73
72
82
78
86
56
62
66
82
73
78
82
60
94
72
70
68
79
71
82
76
72
52
70
78
71
84
76
68
76
86
80
80
65
74
75
61
74
82
71
77
78
78
73
84
86
66
68
85
71
69
56
71
85
81
73
74
81
60
75
74
76
74
66
59
103
72
81
67
70
70
78
70
69
65
87
70
66
63
71
77
67
85
85
77
70
76
73
87
69
95
60
90
68
90
85
76
71
74
70
68
77
71
84
76
88
64
85
81
88
65
58
71
77
76
69
68
76
85
83
84
75
75
86
62
58
72
61
68
60
74
88
72
80
78
76
73
73
53
76
89
75
90
68
61
64
71
76
62
67
52
72
88
62
77
50
79
77
50
60
67
66
90
65
69
72
74
69
61
76
70
73
77
75
79
69
74
87
68
78
78
80
70
61
76
85
68
75
64
95
79
67
89
74
68
77
74
75
76
77
78
74
73
60
70
67
80
86
74
73
67
65
70
85
79
74
62
79
76
72
62
81
70
74
80
71
66
71
81
67
72
71
103
88
87
76
79
89
72
78
93
57
78
67
71
67
74
70
74
55
80
67
61
66
94
86
78
61
68
79
65
74
61
66
73
72
73
82
86
54
95
77
58
71
81
77
86
71
70
73
67
54
61
72
74
86
65
87
62
68
76
88
80
68
67
67
88
92
82
84
69
82
73
86
96
105
88
76
72
83
78
70
76
79
67
63
84
66
73
75
83
67
90
86
58
74
68
70
86
99
87
57
93
84
85
68
80
73
64
75
89
79
93
70
71
68
77
71
82
93
91
60
76
73
96
94
81
79
56
65
65
80
81
81
65
71
73
75
74
82
90
64
72
69
91
63
69
67
