87
76
85
72
70
72
79
70
72
75
78
69
92
77
81
69
70
73
82
73
64
73
82
71
64
65
76
81
73
58
67
86
77
74
77
74
83
73
73
76
80
69
74
73
76
83
63
73
73
51
66
67
74
78
76
70
66
57
86
79
75
63
70
65
83
70
73
79
85
73
69
59
54
60
77
71
77
91
60
89
86
81
73
91
65
73
66
77
72
73
76
80
68
80
71
86
68
84
69
75
93
81
82
59
53
68
65
72
62
93
69
82
69
81
74
77
85
75
71
71
85
72
66
80
71
73
72
74
73
87
80
81
82
65
75
62
72
68
82
72
79
76
76
76
87
79
73
101
65
81
69
88
69
59
84
78
75
79
66
76
83
79
91
69
80
73
87
59
74
77
77
79
77
73
83
86
72
72
66
83
76
70
77
77
70
74
67
77
71
72
81
76
84
73
73
68
63
72
70
81
71
86
73
68
58
83
66
86
72
72
85
83
64
72
71
60
68
78
91
71
76
68
73
65
81
81
66
63
77
70
73
83
74
81
84
75
78
62
60
79
77
78
73
75
75
82
67
84
81
88
78
83
88
70
88
56
81
74
58
72
77
82
85
99
80
67
96
84
58
58
75
72
90
67
80
62
81
69
77
69
56
72
64
76
73
67
72
64
64
65
70
80
79
79
71
73
66
74
72
88
72
68
80
75
67
67
79
60
67
76
84
81
72
70
77
81
62
81
60
94
97
69
77
75
58
76
65
75
74
75
81
77
87
62
81
89
68
90
66
93
74
70
72
79
72
71
59
75
74
64
77
80
79
71
79
73
84
78
92
75
74
82
69
76
68
67
89
71
84
85
85
70
69
68
69
82
69
69
60
73
78
90
76
65
100
73
76
74
62
80
70
77
73
82
74
93
90
75
73
86
63
67
77
61
67
82
72
63
68
89
67
77
70
94
73
75
73
74
79
93
77
77
90
76
72
96
85
67
73
82
75
65
69
63
80
79
65
76
64
77
78
69
81
66
67
77
79
80
79
75
78
86
86
69
72
72
86
68
79
74
83
78
75
63
74
79
64
67
84
87
59
63
82
72
62
84
79
83
78
90
83
70
79
82
76
86
65
67
81
84
76
74
92
74
106
80
58
68
75
77
71
79
75
74
89
71
70
87
79
69
92
69
77
74
69
62
73
70
83
92
68
78
80
58
79
76
95
86
74
77
73
86
94
82
82
67
91
78
63
79
71
76
77
86
89
69
71
72
61
66
78
76
73
70
80
70
79
79
81
75
63
67
66
79
75
89
63
75
71
71
78
73
77
75
88
70
86
82
69
66
86
78
78
82
70
64
62
80
77
68
80
66
62
77
72
65
83
74
52
68
73
75
81
66
69
75
76
74
91
74
67
69
82
74
76
78
69
107
66
84
89
69
84
77
69
85
68
69
76
62
69
78
71
78
80
68
79
77
64
74
86
73
83
87
84
72
79
64
73
80
77
75
65
75
74
69
72
68
86
64
90
95
64
69
77
88
84
73
67
63
79
78
89
76
73
65
76
71
92
82
68
67
71
75
69
72
82
67
75
69
90
63
73
83
85
61
85
64
72
74
69
70
68
84
80
60
76
84
77
66
82
76
55
91
90
68
79
83
73
75
84
76
73
83
61
74
63
59
58
68
68
82
72
87
85
83
79
54
67
85
81
74
80
81
81
72
72
79
82
86
71
91
63
70
79
58
66
68
82
65
77
75
66
71
74
88
80
68
78
77
69
72
82
77
82
72
78
85
80
81
72
79
71
76
72
84
75
65
74
70
91
73
63
72
62
76
70
84
72
72
82
89
87
73
81
75
86
96
66
81
68
77
71
87
82
69
68
76
85
91
72
68
81
69
68
70
65
85
77
72
72
73
71
87
80
80
87
81
56
66
60
73
70
67
71
70
83
80
79
71
61
71
83
76
85
53
73
89
57
65
82
72
80
62
66
73
84
69
81
66
71
77
65
82
64
80
67
73
71
84
66
80
66
74
82
70
71
78
80
59
78
87
80
70
74
84
69
70
75
69
87
72
82
80
92
90
83
72
80
75
90
87
87
62
91
76
72
88
80
72
62
78
73
58
68
61
71
76
65
91
72
84
71
58
66
74
75
86
68
79
77
83
68
65
72
74
56
72
80
70
83
78
74
74
72
75
55
88
87
71
74
62
82
87
65
69
67
86
83
76
84
76
68
81
76
73
83
90
70
87
79
66
72
80
55
74
81
91
76
79
81
60
70
75
70
84
84
89
66
57
83
87
74
75
79
67
74
70
65
77
71
95
92
68
72
85
78
67
85
69
79
81
75
68
63
67
83
77
68
81
84
77
74
74
75
71
68
72
67
81
72
78
80
82
66
64
84
77
75
80
76
59
83
79
85
78
74
72
89
96
85
76
85
82
81
78
70
73
80
71
67
77
64
82
68
91
82
92
77
72
63
78
70
76
93
59
88
78
70
72
55
78
76
64
70
81
84
78
95
74
84
72
80
73
86
84
72
80
70
68
80
69
80
67
92
61
80
91
81
74
78
79
64
81
81
85
72
74
67
76
83
75
78
83
58
67
66
68
79
90
70
60
68
74
80
85
68
61
77
70
77
63
59
66
83
66
70
75
75
93
79
60
82
87
61
66
85
76
77
62
66
59
86
77
84
70
63
84
81
69
73
66
65
77
90
69
82
82
70
79
79
66
80
76
80
76
80
76
77
75
73
62
74
80
77
75
78
87
76
65
62
90
67
76
83
85
79
65
90
78
78
70
83
78
76
86
76
80
69
71
52
75
83
86
76
58
75
82
75
90
74
83
71
72
74
74
80
58
61
61
86
64
82
73
68
61
73
77
67
78
81
73
82
71
74
85
73
60
71
67
79
70
75
84
75
83
77
65
70
81
67
82
67
75
85
69
71
79
69
86
103
76
75
69
72
72
83
67
77
87
72
75
63
81
68
77
80
74
83
65
76
63
69
65
69
71
92
99
69
63
88
80
71
82
62
74
82
75
72
88
72
77
78
65
69
81
77
76
75
66
68
66
58
82
75
81
81
67
79
64
63
77
81
69
86
71
77
66
64
78
73
63
70
87
84
78
58
69
78
69
77
75
71
66
71
62
76
84
79
66
63
68
74
91
78
84
97
76
79
81
74
65
79
86
69
80
72
73
79
84
75
81
74
81
71
68
65
64
79
78
61
63
72
88
97
87
54
71
80
68
77
74
74
72
74
75
82
74
80
54
69
62
84
91
65
72
74
66
79
95
68
80
75
96
67
67
65
65
70
73
70
77
80
68
77
72
64
58
83
71
70
62
82
76
67
60
82
70
58
75
61
69
82
80
72
85
81
78
78
81
84
86
68
85
75
77
78
64
59
82
68
75
80
70
73
63
88
72
65
76
72
103
76
71
92
95
66
75
77
72
76
61
77
72
75
83
79
70
80
73
73
74
69
75
86
74
83
76
73
75
72
71
66
88
94
65
86
63
84
79
80
71
97
71
84
69
67
84
85
71
91
86
68
86
85
67
61
66
79
71
75
94
85
72
85
79
83
75
77
70
65
81
76
84
69
81
56
68
74
81
91
78
85
82
71
74
83
71
75
52
87
86
81
79
71
91
73
55
62
63
75
84
70
68
73
62
75
80
70
77
82
84
89
72
77
70
71
69
73
65
96
72
89
84
75
81
82
89
68
76
73
77
82
80
81
88
66
74
78
62
78
90
71
70
72
82
79
82
65
81
94
79
77
70
77
76
81
73
86
83
73
65
62
73
80
86
77
82
67
86
72
82
74
70
68
83
87
68
87
64
67
82
58
88
86
83
64
61
82
84
73
71
82
80
84
67
65
88
62
75
73
64
79
75
66
57
72
66
69
75
76
64
59
67
69
78
77
71
90
82
87
77
68
72
84
68
81
59
73
78
81
67
74
77
87
76
62
65
65
75
62
66
60
72
77
85
52
61
79
86
75
79
71
75
73
77
63
74
72
84
76
85
82
80
69
73
68
77
74
74
64
94
69
77
78
70
79
85
73
84
84
71
66
71
89
58
85
73
73
81
69
70
80
70
77
81
78
71
79
56
88
88
72
75
65
79
94
80
75
78
75
80
88
89
88
69
76
71
79
76
72
73
80
80
93
81
77
70
67
83
88
83
83
74
90
68
85
48
65
72
68
72
82
82
94
72
64
74
90
73
65
80
80
88
81
98
82
89
71
78
65
70
64
82
78
76
69
85
78
72
70
86
81
78
79
91
62
75
60
79
65
78
75
66
77
88
78
66
87
82
68
79
79
82
80
65
74
68
59
74
76
83
89
63
78
86
86
79
80
70
85
71
93
78
80
63
71
84
72
89
77
73
90
80
75
70
61
70
79
72
65
82
92
81
62
74
78
79
75
76
73
78
70
55
76
85
83
81
72
92
67
70
83
70
82
77
71
66
84
69
87
70
71
83
67
79
72
78
70
87
77
71
78
73
75
92
61
76
72
82
92
69
76
90
79
83
69
61
88
87
87
66
70
71
72
93
80
98
83
72
82
78
83
81
71
82
77
70
80
84
81
72
63
70
81
71
79
89
73
69
73
82
86
72
70
69
70
77
72
85
78
61
86
63
93
79
57
75
74
75
63
86
85
68
64
74
74
72
63
74
78
74
66
85
73
89
68
61
67
74
77
71
81
79
61
73
68
71
61
67
64
81
78
75
81
75
75
61
76
78
77
81
74
85
80
67
80
85
83
82
66
78
83
63
80
69
78
67
51
76
86
71
76
78
81
63
83
78
67
64
85
77
77
91
75
88
89
91
72
68
81
88
77
76
65
81
68
79
73
73
71
84
62
70
76
69
69
73
70
90
77
66
89
83
86
70
75
58
69
80
73
75
83
83
80
83
84
87
78
75
79
78
74
73
61
73
82
82
65
74
71
75
88
74
67
82
79
78
69
87
61
77
81
75
68
89
64
58
66
80
89
77
84
73
72
81
89
76
63
74
65
77
61
79
77
73
80
71
98
73
79
65
70
69
73
68
77
95
85
86
71
77
76
70
75
59
67
69
63
91
69
72
64
90
82
74
75
73
71
65
81
81
80
65
65
56
79
81
94
96
73
76
60
91
93
82
71
77
68
71
70
93
79
89
75
64
73
80
68
85
84
93
57
87
99
86
70
68
74
58
86
90
67
83
75
73
66
84
63
67
79
76
70
78
83
72
76
88
105
96
86
73
82
69
84
82
92
88
67
67
68
80
88
76
68
62
87
65
86
74
72
61
54
67
73
70
71
86
77
81
71
58
77
95
54
86
82
73
72
73
66
61
74
65
79
68
61
78
86
94
66
61
67
80
55
74
70
74
67
71
67
78
57
93
78
72
89
79
76
87
88
103
71
72
67
81
71
66
71
80
74
70
81
62
72
76
79
62
74
79
85
70
65
67
73
74
86
80
67
70
60
73
74
78
77
76
75
74
77
68
74
89
67
79
95
64
75
68
85
76
61
70
80
78
78
68
87
74
69
79
75
77
73
70
76
61
69
74
72
69
65
90
66
67
60
50
77
79
50
77
62
88
72
52
67
62
76
71
64
61
68
90
75
89
76
53
73
73
76
78
80
72
88
74
60
68
61
72
58
62
86
75
75
84
83
85
76
68
69
76
77
71
58
65
88
81
85
64
88
76
84
71
77
68
70
74
71
76
85
90
68
90
60
95
69
87
73
76
70
77
85
85
67
77
71
63
66
70
87
65
69
70
78
70
70
67
81
72
103
59
66
74
76
74
75
60
81
74
73
81
85
71
56
69
71
85
68
66
86
84
73
78
78
77
71
82
74
61
75
74
65
80
80
86
76
68
76
84
71
78
70
52
72
76
82
71
79
68
70
72
94
60
82
78
73
82
66
62
56
86
78
82
72
73
68
74
78
74
70
92
85
99
67
74
76
73
62
73
76
74
76
80
71
85
84
66
73
68
62
87
71
71
58
79
67
84
69
78
83
68
57
71
74
71
70
66
83
80
58
76
79
83
68
60
88
71
78
88
75
64
89
69
79
87
74
69
77
73
75
76
71
74
77
74
70
77
73
82
64
80
69
72
71
81
85
75
83
66
88
68
72
80
63
77
87
82
62
81
64
79
76
75
57
84
69
75
82
83
56
64
70
79
72
75
74
68
67
74
85
81
74
70
79
59
83
88
78
78
72
74
70
82
77
73
77
72
80
67
76
55
64
78
78
88
64
69
65
76
74
78
68
62
67
77
69
63
69
75
74
56
81
79
73
99
88
76
71
