75
73
87
73
70
90
74
86
83
84
82
80
70
76
81
84
78
85
82
63
72
83
64
75
88
71
77
65
71
70
73
85
89
86
64
79
68
72
75
79
62
57
65
70
75
79
82
74
81
76
75
77
76
73
72
85
83
68
55
75
82
84
90
79
83
67
77
91
60
79
90
63
82
81
86
74
73
71
86
72
83
74
70
63
77
78
70
74
81
67
66
77
84
79
84
75
81
75
65
83
96
75
92
67
73
74
70
61
76
63
87
84
82
87
95
73
92
81
69
69
78
67
82
58
64
57
83
70
69
76
76
62
88
76
59
69
67
87
69
77
68
88
62
69
85
81
59
73
66
77
83
75
83
66
92
65
63
71
85
83
76
75
80
71
81
83
64
79
68
80
79
63
66
61
83
88
69
86
92
91
68
72
72
64
58
85
85
68
75
76
72
75
72
89
91
84
61
80
87
89
83
67
78
78
90
78
72
76
72
68
64
81
82
73
75
74
75
59
80
76
85
99
79
69
91
82
67
72
96
74
76
65
71
77
57
81
72
82
81
66
70
70
67
76
68
85
65
66
71
96
71
79
82
78
69
71
65
78
74
76
71
63
70
70
80
80
87
77
81
71
78
93
92
74
72
64
69
64
73
75
82
66
66
67
65
69
92
75
81
89
77
66
76
83
77
69
72
65
69
68
82
73
79
61
82
74
79
97
85
82
78
87
73
79
64
64
69
79
85
82
70
69
78
81
81
75
73
72
79
68
93
74
70
70
65
83
74
80
61
66
87
59
73
77
81
72
79
77
71
69
67
81
67
65
60
75
86
74
67
50
82
88
64
80
85
67
83
81
73
93
73
107
75
79
70
75
88
81
72
80
74
71
77
57
70
71
69
87
77
70
81
79
66
74
66
62
63
75
64
74
72
74
60
66
71
69
77
77
74
63
78
85
77
71
82
85
75
65
85
88
75
67
74
75
64
79
88
61
69
73
73
70
85
82
92
69
71
67
65
74
82
65
81
80
71
58
81
74
74
62
75
71
75
87
66
75
73
83
76
75
82
73
85
67
73
93
67
39
76
100
61
57
71
62
84
78
74
88
83
84
84
64
103
86
84
68
83
69
75
80
85
70
76
66
80
67
69
61
74
89
67
76
69
75
82
72
83
71
71
62
85
88
76
82
81
65
65
75
73
67
74
89
79
90
61
74
69
76
87
77
83
70
85
78
79
76
77
65
75
74
73
69
72
64
77
78
67
78
84
84
67
63
72
74
82
72
80
74
75
84
79
74
71
79
71
69
81
59
82
64
75
76
74
76
70
73
87
73
71
71
87
78
74
71
71
79
90
71
73
72
67
76
83
65
86
53
75
76
75
84
73
71
94
85
72
78
80
72
69
82
76
74
69
76
79
78
76
61
71
89
76
69
74
74
76
99
95
64
83
83
79
75
78
74
77
80
54
65
75
73
96
80
72
81
62
71
64
71
84
82
64
72
77
75
82
74
75
59
58
83
69
80
77
72
71
85
70
87
83
94
76
72
66
74
63
74
86
70
97
81
70
78
82
69
75
78
67
74
75
74
81
68
76
65
76
69
82
80
85
79
57
53
81
61
72
83
59
88
79
71
64
76
78
67
82
84
65
66
83
65
83
63
74
57
80
67
77
93
76
86
58
68
83
96
88
59
85
66
87
67
74
74
84
72
78
57
74
64
85
75
70
91
75
84
71
78
76
78
72
73
75
81
65
73
63
67
59
85
72
71
68
92
76
69
66
88
82
81
86
84
70
87
60
86
69
68
57
80
76
93
81
85
80
89
72
61
72
81
77
66
71
68
71
76
78
77
83
80
74
64
72
84
70
64
71
70
65
82
66
59
79
66
63
75
94
54
61
73
80
65
83
78
73
84
75
71
74
73
71
79
101
75
63
79
73
80
78
87
77
88
50
83
73
78
72
87
71
71
89
85
81
78
72
80
47
68
69
86
70
74
90
91
68
83
66
78
74
68
76
88
77
72
70
55
82
68
82
60
70
75
85
69
75
87
74
78
68
92
74
78
76
91
71
78
81
63
63
70
71
84
72
80
74
68
73
79
75
76
79
66
71
69
82
85
69
73
86
77
63
70
70
53
75
79
80
88
71
71
69
74
75
74
71
63
80
79
98
67
93
61
76
68
74
83
82
71
76
84
78
68
79
84
63
65
81
74
74
62
85
81
73
77
81
72
85
78
70
75
81
73
86
80
89
65
78
68
77
71
83
79
88
81
73
75
79
80
66
83
70
79
62
76
62
81
63
89
65
62
88
69
72
72
87
70
71
75
62
86
70
75
76
71
67
74
70
78
73
85
74
71
67
65
77
55
56
80
67
56
57
72
73
63
55
72
74
76
90
72
59
82
63
74
91
84
85
78
77
60
65
80
72
80
77
82
76
78
95
66
68
77
76
69
53
84
74
87
80
69
80
59
65
100
98
65
75
69
81
67
83
64
58
66
92
66
74
88
74
80
77
88
61
80
97
76
92
70
76
68
63
79
101
67
81
85
71
84
63
97
76
70
84
59
75
102
86
79
69
68
65
90
69
77
72
73
85
76
66
83
75
65
82
76
74
86
65
64
70
76
66
99
89
83
75
76
86
70
81
75
88
66
76
75
88
74
69
85
73
82
61
72
82
74
85
78
69
69
80
81
86
73
83
83
72
63
66
82
96
67
69
60
77
66
66
72
71
56
71
79
63
65
82
78
75
61
61
64
90
70
71
81
65
69
67
65
65
82
70
98
76
94
75
62
82
91
77
72
67
78
70
78
63
76
70
91
72
67
90
77
71
74
79
76
74
89
62
65
70
66
89
75
85
76
90
74
90
70
72
77
71
66
77
79
77
74
76
70
75
57
70
71
83
65
80
66
75
68
65
86
79
76
69
63
91
76
78
74
85
72
77
63
75
68
66
79
84
79
72
66
69
71
82
78
70
77
82
108
71
75
96
76
76
61
68
65
84
62
76
71
76
64
66
69
87
81
75
66
73
67
66
68
76
73
58
77
72
74
64
82
75
72
69
80
78
67
75
79
81
71
81
71
77
65
69
93
84
87
63
93
73
69
68
77
68
71
58
67
76
83
83
81
66
89
53
85
79
64
62
65
63
83
61
100
80
79
68
68
80
68
74
85
81
78
66
90
65
63
83
59
93
59
70
69
65
87
64
88
75
86
76
96
73
70
81
76
81
84
76
72
77
66
83
86
72
85
82
89
80
69
66
76
72
80
79
72
77
79
67
74
66
83
78
65
78
81
70
69
74
71
64
91
73
67
72
90
78
87
84
74
72
81
72
87
73
77
73
75
70
69
66
73
81
71
84
81
59
81
84
64
70
96
74
84
93
63
70
73
86
66
76
78
66
69
75
82
72
86
77
73
80
85
69
71
72
73
87
62
95
66
78
65
86
86
79
94
78
68
78
86
90
72
67
67
87
78
75
74
65
87
80
83
81
77
91
60
85
61
84
94
80
65
78
75
68
73
77
77
62
85
85
56
75
84
87
73
73
78
69
77
81
88
74
73
96
77
59
78
71
71
71
73
90
68
85
80
82
83
80
81
74
79
73
65
71
82
70
83
84
70
81
77
75
63
59
78
71
71
87
71
70
83
69
80
61
67
93
82
65
72
84
63
70
69
78
77
70
85
57
64
74
81
60
66
80
75
84
91
64
72
63
95
66
74
84
81
78
86
76
76
75
62
66
74
68
62
68
76
80
81
75
78
86
80
70
81
76
72
70
77
86
73
78
87
78
87
77
76
70
82
75
64
75
77
68
67
64
72
67
74
73
72
78
85
69
74
95
82
102
80
90
67
80
76
85
88
82
74
73
77
71
78
74
60
81
62
65
79
60
86
69
83
80
95
80
76
67
60
73
91
70
75
104
84
70
82
64
69
85
85
86
78
72
81
70
80
74
69
66
71
84
78
76
77
69
71
71
71
82
73
76
80
67
71
76
97
64
74
85
71
75
76
74
64
94
54
66
64
81
76
66
77
97
83
77
75
73
73
68
79
82
81
66
63
65
74
83
79
93
83
81
64
81
83
93
66
89
73
67
69
87
72
85
74
83
67
85
68
81
84
92
71
81
86
68
85
78
81
75
73
84
67
83
63
73
92
84
79
75
75
86
69
64
82
73
65
74
69
71
71
79
88
74
75
70
79
60
70
68
77
68
80
70
94
74
80
71
82
77
72
63
74
71
66
71
84
65
69
70
66
87
78
70
55
77
77
71
74
81
75
85
70
72
80
70
81
75
96
70
78
71
79
72
71
73
72
95
64
87
90
68
73
59
92
68
65
71
56
86
65
66
67
79
66
69
82
89
78
79
70
64
69
76
66
95
87
87
94
86
75
62
75
66
84
80
68
68
82
73
83
75
75
72
85
69
91
79
60
67
71
69
77
61
76
63
67
74
77
69
60
82
62
72
70
77
81
82
63
77
76
84
58
94
60
71
72
68
74
81
72
83
77
72
80
74
82
76
64
62
72
78
70
86
83
70
72
80
68
81
71
73
84
81
61
82
61
77
65
77
75
83
87
60
62
65
94
65
67
73
63
72
66
74
61
79
77
71
69
57
73
85
77
66
72
90
71
64
71
70
69
90
85
80
81
82
60
70
65
68
64
73
79
75
77
71
82
77
80
95
72
78
81
65
97
81
73
66
90
54
84
76
58
74
67
89
82
65
88
70
67
84
70
66
80
78
83
71
92
86
72
77
69
76
68
78
84
79
80
57
58
64
80
85
68
100
90
73
65
77
87
91
61
67
63
67
76
70
60
69
68
68
64
82
72
96
79
57
77
76
69
63
73
73
77
70
55
73
78
65
70
76
71
69
74
72
91
76
88
87
66
75
76
79
70
70
108
83
84
81
92
87
74
60
63
71
68
89
68
73
74
64
74
69
70
92
80
74
78
68
67
73
83
73
66
89
75
76
77
72
70
82
80
82
75
81
69
75
81
76
87
60
60
79
65
70
72
87
68
75
67
65
81
91
87
87
70
68
73
53
72
76
80
78
67
63
65
60
79
84
65
92
65
79
77
74
89
70
81
67
88
67
69
62
66
56
86
79
85
75
81
83
64
87
86
60
79
90
67
79
61
79
90
74
70
95
68
71
62
80
66
78
76
86
82
79
91
86
74
72
81
64
76
66
73
77
78
81
78
97
58
83
79
77
75
63
72
81
70
65
72
78
57
83
62
89
67
89
59
79
68
85
77
70
72
78
71
70
79
78
82
96
67
61
68
66
76
69
78
62
76
67
72
83
78
68
73
76
60
63
76
80
73
74
78
68
82
68
82
63
46
93
69
57
69
58
62
89
58
81
76
74
81
81
73
79
63
80
76
81
79
66
72
78
84
80
69
79
82
70
77
74
85
68
79
72
76
71
63
83
80
71
64
67
71
56
76
65
80
74
66
70
68
74
85
85
82
77
76
75
85
81
72
78
85
68
57
81
83
61
81
67
76
62
61
76
78
78
72
66
82
87
75
64
81
71
67
81
59
77
64
80
77
81
73
73
77
68
72
81
68
86
77
86
86
68
79
84
68
91
71
93
69
62
61
78
73
88
87
80
83
61
82
70
68
82
75
73
79
79
74
74
76
69
64
88
66
86
85
86
71
71
66
82
73
85
77
71
66
76
77
72
70
81
78
48
71
79
76
69
72
71
74
82
74
69
75
83
79
69
78
75
82
66
70
79
90
75
77
80
68
84
75
68
68
81
83
86
71
102
83
69
97
74
97
78
71
72
71
73
81
68
82
75
85
73
81
71
80
77
87
70
81
73
57
76
70
76
64
81
78
75
64
81
72
77
68
57
80
64
65
78
84
73
58
62
62
64
64
75
87
66
65
82
83
73
83
75
83
75
82
76
71
74
75
83
108
68
94
76
53
81
77
78
83
80
73
70
64
68
64
69
90
65
74
58
70
88
76
62
84
83
72
86
74
84
69
77
74
59
64
82
76
84
84
73
83
64
79
52
45
82
79
87
63
81
70
84
66
71
65
90
76
65
69
88
73
59
80
71
59
78
83
77
69
76
98
78
85
79
92
84
79
69
73
77
78
74
87
91
74
76
70
92
88
78
74
73
84
63
96
83
71
66
66
86
71
85
93
61
72
64
73
68
84
74
92
69
58
62
73
67
67
71
78
83
72
76
66
87
76
64
71
79
81
81
77
87
77
75
74
79
62
66
63
69
73
78
92
79
78
70
67
78
76
76
60
85
75
64
86
71
54
106
74
75
78
78
73
64
