71
80
100
131
93
81
86
98
88
96
101
97
80
67
85
96
89
76
96
118
88
80
95
90
71
86
85
95
91
82
101
100
101
85
106
92
113
76
97
85
72
90
87
82
102
78
87
72
82
85
92
71
100
74
87
68
83
75
78
74
88
75
96
90
104
81
102
87
87
77
92
93
98
77
79
67
112
73
99
71
83
73
83
76
107
75
92
64
104
86
78
69
89
77
74
75
90
66
71
77
89
66
77
64
85
76
85
75
70
59
75
69
71
76
84
93
102
89
88
75
79
74
69
98
60
73
77
82
83
65
92
88
89
77
84
56
76
63
99
81
78
80
85
64
64
83
86
81
71
84
74
60
78
75
66
82
74
61
74
61
65
68
85
75
84
73
88
88
75
81
75
61
73
69
73
74
92
72
74
68
86
75
77
50
97
65
76
57
88
74
78
67
77
51
78
83
81
68
78
66
64
55
69
71
76
80
81
85
67
79
62
71
68
66
69
61
69
66
85
66
82
66
68
67
79
53
77
66
83
68
69
65
60
81
71
66
70
81
71
73
69
77
68
70
77
72
71
63
80
72
74
66
58
62
60
71
94
65
88
79
90
74
77
74
89
72
88
59
73
84
81
82
92
83
81
61
81
63
69
67
67
94
83
68
87
66
80
81
87
70
70
80
83
67
76
61
88
56
71
80
90
86
72
63
82
61
65
43
92
59
61
62
72
61
73
53
79
66
81
54
81
63
94
64
69
68
77
68
101
83
77
48
74
90
89
51
77
60
69
67
84
74
94
54
85
85
67
56
75
77
81
50
75
55
74
53
80
60
80
45
72
72
80
61
86
74
72
68
90
77
78
52
69
60
60
52
74
69
74
45
77
69
73
52
70
54
70
61
57
67
82
44
62
71
67
57
51
75
57
49
75
80
67
59
66
67
61
50
76
77
58
57
75
69
74
46
83
59
67
44
79
65
68
56
59
48
54
55
59
57
64
60
55
53
65
66
70
73
56
55
72
59
65
62
63
72
66
62
68
58
49
57
70
70
73
46
63
78
57
57
68
72
59
48
46
65
66
38
64
72
48
53
62
62
69
56
66
49
63
66
69
77
49
57
59
63
56
67
70
51
68
46
59
68
67
52
48
71
59
47
58
51
70
60
49
58
61
65
71
58
68
57
97
64
128
73
116
67
122
70
115
71
112
55
108
59
117
70
105
58
119
49
102
66
121
59
121
81
112
58
111
63
123
57
128
63
128
46
105
72
123
58
95
67
110
65
119
78
117
57
109
75
119
48
115
69
95
57
101
67
124
56
104
60
129
52
111
72
124
48
98
83
124
62
113
75
119
61
101
69
126
63
122
71
115
63
115
84
118
47
108
69
124
54
115
73
128
61
113
64
113
58
92
56
99
63
111
72
116
60
92
57
110
59
96
63
112
49
102
78
130
50
99
71
131
54
105
71
113
48
80
80
76
61
90
67
88
43
79
69
86
54
81
62
93
60
71
70
66
46
72
76
76
51
70
57
86
64
58
80
87
51
74
65
87
58
52
74
72
60
78
67
73
60
61
67
67
63
80
73
85
45
89
67
87
50
88
53
77
71
73
62
84
63
96
54
93
51
82
68
74
53
88
56
92
62
84
75
92
49
75
73
89
62
105
70
95
55
73
70
90
64
84
65
84
60
85
72
78
47
83
68
92
51
80
56
83
46
84
56
109
53
82
74
89
66
83
58
77
53
94
73
87
71
77
68
78
59
62
52
58
44
54
66
71
66
56
70
56
53
54
83
58
52
61
81
50
64
55
80
59
58
65
73
50
52
57
69
55
50
50
79
56
55
50
68
52
68
65
69
58
54
50
68
68
35
56
57
40
50
56
70
54
47
66
61
51
56
69
69
64
63
59
56
46
64
50
78
46
43
56
71
46
59
49
69
60
62
55
94
46
48
44
72
52
61
50
67
56
56
49
65
63
49
58
64
57
54
55
48
54
65
69
66
58
51
53
69
49
45
71
84
65
54
55
75
55
43
42
71
55
61
42
46
53
67
65
64
48
56
42
56
53
59
53
67
53
75
53
64
54
48
47
76
40
45
49
65
58
45
51
68
51
62
52
53
61
54
53
64
40
46
52
78
64
51
59
60
60
67
66
73
60
59
57
67
56
60
39
53
42
45
49
76
60
53
48
54
52
41
55
64
54
55
60
66
61
47
49
69
63
56
50
74
52
57
47
62
49
61
58
72
53
40
51
77
62
52
43
56
47
48
42
60
45
45
46
69
55
54
48
59
49
64
54
59
56
63
59
55
51
66
50
56
50
53
50
71
43
68
54
72
54
61
94
60
126
47
73
64
103
60
97
52
113
60
96
37
116
54
84
57
123
57
95
69
97
45
91
60
104
62
95
73
100
47
93
63
125
55
89
69
100
39
104
70
109
44
96
64
114
58
72
60
129
56
97
70
91
46
93
72
108
62
103
79
110
45
108
70
110
59
91
67
118
38
90
52
109
59
94
57
118
56
82
65
110
60
111
75
101
52
98
53
119
51
101
54
113
71
88
56
110
57
79
54
95
45
104
53
122
52
90
57
115
56
80
75
133
71
85
79
119
53
103
68
121
51
91
66
118
71
93
50
130
57
82
73
128
48
95
64
126
49
108
55
111
44
77
67
144
54
90
55
100
44
96
82
119
63
90
69
94
47
85
59
119
70
93
69
106
55
89
68
120
49
106
61
109
53
96
72
115
69
104
79
109
42
92
66
126
48
87
66
104
54
112
78
111
56
105
44
109
55
87
59
106
57
90
58
108
53
89
70
131
57
87
61
106
46
79
69
124
58
105
52
119
55
80
54
138
68
84
55
117
42
112
49
109
68
101
60
101
52
94
63
136
43
73
70
83
51
104
77
127
43
78
50
93
52
94
64
102
49
99
63
73
50
83
54
91
59
67
69
86
70
60
43
98
57
88
69
82
49
67
66
111
51
66
53
88
64
68
70
85
49
85
57
91
52
80
59
108
46
77
44
78
59
78
91
110
107
77
88
84
65
98
95
94
94
73
96
86
77
80
82
94
81
73
82
77
68
85
79
97
87
75
84
81
90
77
79
108
85
69
76
74
88
91
98
99
68
85
89
90
83
72
74
99
89
83
78
97
66
96
94
104
91
75
79
87
98
76
82
112
102
82
82
81
75
73
86
116
87
71
89
87
75
59
63
52
84
57
87
64
90
66
71
57
100
62
72
78
80
62
88
74
85
59
82
78
81
52
98
96
91
49
78
75
85
64
90
64
75
59
83
60
70
51
76
70
88
55
75
63
78
64
95
80
94
69
69
67
81
67
74
72
78
58
64
77
73
69
77
66
97
67
83
57
81
80
81
73
103
70
82
61
99
70
97
76
90
84
83
66
78
71
95
78
88
67
79
78
62
79
70
82
103
66
74
67
67
72
86
77
93
69
79
83
99
78
87
70
97
76
80
76
100
62
92
63
84
68
88
59
87
51
84
53
96
53
74
54
91
49
84
45
81
49
79
47
94
51
104
58
78
38
75
47
87
50
95
50
91
57
92
48
92
56
96
45
87
58
94
43
95
62
79
46
95
47
95
46
79
45
83
37
73
51
82
49
73
58
103
45
94
46
84
45
69
50
78
44
89
41
87
30
84
53
66
44
87
55
74
59
89
60
80
35
84
54
89
41
77
60
88
52
87
55
69
44
91
49
76
42
84
52
80
69
89
54
72
47
85
48
79
54
92
56
83
50
86
50
89
43
76
47
94
41
77
54
85
47
76
46
67
49
86
46
71
53
76
45
94
43
92
50
82
37
72
54
84
42
85
50
73
39
76
40
95
48
76
56
86
39
73
56
82
49
95
53
91
51
86
51
87
44
82
39
84
50
75
48
99
45
111
35
83
56
87
42
81
61
87
56
83
47
94
58
78
51
91
52
71
61
88
49
92
41
98
56
93
46
99
42
102
41
84
65
87
51
72
75
85
34
84
52
84
56
81
48
89
58
95
56
93
46
95
57
80
40
89
45
101
48
82
44
91
54
107
41
83
40
79
60
87
36
103
37
75
44
78
55
84
44
94
41
72
43
100
57
92
55
79
52
75
50
71
41
93
59
111
47
70
33
91
58
99
41
90
37
88
51
72
59
73
53
87
56
81
43
94
47
82
37
88
48
107
47
92
59
77
44
91
42
82
43
61
59
81
52
97
56
81
42
84
59
94
48
100
50
100
44
79
45
76
42
102
41
103
46
78
46
83
51
88
51
88
56
70
32
89
54
72
54
92
49
87
59
83
49
88
45
64
51
70
62
91
51
75
56
74
46
72
41
102
44
104
57
102
53
71
45
102
51
69
53
84
51
82
54
87
49
90
71
96
52
68
51
90
50
73
46
92
52
86
53
93
42
75
42
72
51
81
52
81
44
97
40
86
39
83
45
79
46
92
49
80
55
77
58
76
49
91
33
80
44
76
53
91
50
93
43
85
58
70
55
96
55
98
45
77
48
84
55
72
39
92
46
85
49
84
49
93
46
105
35
78
50
84
39
81
46
88
47
79
48
103
52
86
44
73
42
83
50
82
71
104
39
90
56
83
50
78
41
87
42
98
44
88
41
94
49
83
36
84
39
62
58
70
51
81
37
85
51
73
50
86
72
82
107
98
70
72
86
65
96
68
90
89
67
68
91
79
63
86
112
77
73
75
103
61
86
77
114
74
69
82
90
81
84
87
107
91
68
73
86
76
69
104
88
107
86
79
97
80
85
91
113
93
63
70
91
65
77
81
91
92
81
91
100
90
72
95
105
84
70
85
84
82
74
95
95
77
68
61
68
63
68
89
114
92
69
82
92
85
76
82
94
84
76
74
66
91
96
91
104
88
52
84
93
68
88
93
90
106
72
72
87
65
81
81
90
86
63
82
86
80
70
104
112
88
66
75
87
76
75
77
116
90
89
63
91
98
80
78
107
98
71
77
102
74
78
89
118
80
66
78
103
85
76
88
89
81
79
70
75
87
92
82
108
91
56
82
102
72
86
98
95
88
80
70
105
77
62
95
90
61
60
84
87
68
104
95
101
94
77
82
99
84
90
70
103
98
68
86
99
84
72
65
83
84
82
81
96
77
60
89
98
98
74
71
98
85
84
86
111
95
67
82
89
74
54
99
107
98
66
69
86
87
85
90
100
84
81
66
82
82
57
104
114
98
65
71
98
80
62
105
102
81
75
77
67
78
85
83
111
91
72
83
79
88
69
80
87
82
73
81
90
102
74
87
116
82
68
73
97
89
90
79
94
79
67
90
91
84
71
83
104
94
74
84
101
76
86
88
111
111
77
102
90
95
76
92
118
74
62
70
79
72
66
77
95
81
91
59
97
75
83
94
108
70
82
98
90
69
83
72
89
90
76
79
95
70
85
80
122
81
69
86
91
82
71
67
91
90
63
70
103
92
83
82
101
77
71
73
93
74
79
75
97
68
64
76
66
83
80
82
99
72
69
67
83
70
77
86
97
77
55
75
100
73
82
86
91
96
73
69
111
65
73
81
93
80
78
61
104
82
78
84
101
87
71
78
78
74
92
72
106
87
63
80
78
50
74
77
109
83
74
96
95
81
80
81
108
71
69
86
87
65
79
89
126
96
79
67
101
81
89
90
99
76
70
86
88
58
81
70
117
88
64
62
76
69
92
68
91
84
68
72
103
69
82
75
121
75
77
72
82
83
80
75
105
86
53
69
96
67
91
85
102
87
68
77
102
80
87
85
104
66
93
60
96
74
77
90
88
63
62
82
87
95
89
91
99
85
54
74
84
96
66
87
85
82
65
76
82
79
73
82
79
90
64
90
72
91
64
110
91
87
65
89
79
86
85
86
79
78
71
114
79
79
82
82
72
94
67
74
75
90
77
77
64
95
66
91
71
104
61
90
80
81
60
72
85
80
55
100
83
70
86
85
78
72
68
103
98
93
65
103
87
78
72
84
76
77
62
103
87
71
66
84
97
83
73
76
67
85
57
101
81
94
61
84
74
88
59
81
100
92
62
80
94
84
85
79
104
100
86
91
98
105
75
77
95
96
89
92
93
74
90
82
110
89
70
88
83
84
89
85
106
108
74
79
87
76
77
66
96
84
87
81
98
95
91
85
101
90
95
84
98
90
82
98
99
86
86
108
89
80
71
86
109
93
97
62
88
68
72
79
104
81
78
98
78
84
88
98
102
112
88
82
93
93
74
86
100
93
84
90
101
87
91
89
107
102
82
97
96
81
78
96
106
86
98
84
86
